Type_0_Qubo_Id,Type_1_Qubo_Id,Type_2_Qubo_Id,Type_3_Qubo_Id,Si_num_min_clauses_satisfied,Si_num_max_clauses_satisfied,Si_avg_clauses_satisified,Ground_State_Count
2,0,0,4,784,790,788.3,1098647482627722437336454998512645671544454636077393123234701331626826137600
3,2,4,4,784,793,789.3,273893095527570120111472137008048564004455145477667286924918784000
4,2,2,1,784,792,788.7,75875521583418619464399655195777347217355551127475079492927488
2,1,4,4,782,789,785.8,18694260382522212583730923397040817871277511658150842505185198080
1,0,2,0,784,791,787.3,47353928313291061816609920137301295736717004626778645206138880
3,3,2,0,784,794,788.7,30411380951373083298141180544924292348562892936782410208509952
3,1,0,2,779,790,785.1,1260208017053381101130473026301079865939987933645187689223765375462222048788480
1,2,4,5,784,794,789.7,1060044770925708790657673459370516765060983262889433270360997888000
3,3,2,4,784,793,787.9,30411380951373083298141180544924292348562892936782410208509952
4,3,0,4,784,793,788.0,4670034313619834405999973953791644848844234521445785013863744691701494579200
1,1,4,0,781,792,787.6,142451103049466194317913722938707443883751150914914572507723857920
1,3,3,3,784,794,788.4,6605860932118585515688285371696985005807941312133003772182412101314150400
4,3,1,2,783,792,787.6,243663229527079213460978795985875167745646684353272443202418245632000
4,2,2,0,784,791,787.8,27011401669363430935875935413958887896878194507697092256858112
2,3,1,5,784,793,787.6,320452320693225439674580885844174578208441347795333425917853696000
4,4,0,3,783,793,786.9,776819483918309602150709304251124949683177890005708140156326829967583160993142800384
4,3,1,6,784,793,787.7,243663229527079213460978795985875167745646684353272443202418245632000
1,2,1,5,784,794,789.2,1060044770925708790657673459370516765060983262889433270360997888000
1,5,2,1,782,789,785.4,136090960100806256903781178433807345835940781543135904918405120
0,3,3,3,781,796,787.1,6629882244599016735745333682139519496738152007813487422263075418046201856
2,3,4,2,784,792,788.7,66161335239644425321696325854498049019824898320923281452878843084800
1,1,4,2,781,788,785.3,109402447141990037236157739216927316902720883902654391685931922882560
3,4,1,0,785,793,788.5,55222114835013723164747219910133690509642764085950253497435285568978451169280
3,4,2,1,784,796,787.5,21864685246725838564973665904417214349011434358833045160753034809678233600
4,5,4,1,784,793,787.2,295195171548956993831857875285171583680635964602865268104452112384
2,3,0,3,785,794,788.7,1270126897402800760516429414649011207934890534105572998015072872207220736
0,2,1,2,783,791,788.6,186977686546821201996098312197494486360374712646087534540744556544000
4,5,0,3,780,792,785.4,3349847091997634984518065167181567680502038421067446515155001591149363200
3,4,4,4,785,792,788.5,55222114835013723164747219910133690509642764085950253497435285568978451169280
1,3,2,3,781,790,785.8,109996591503132646933636011014118985752066571576240502734848
3,5,1,3,780,794,784.1,536677854217298700588245761556081351682792719103491312336240640
1,5,2,4,781,788,785.7,61612335404682745503302392413937237357441720358150597567840256
1,2,1,5,783,790,787.6,1060044770925708790657673459370516765060983262889433270360997888000
2,2,3,3,785,792,788.3,1033807852551370964759881876174311538373423201795814901420734734747566080
4,2,3,5,782,794,788.9,9641054216782351973180214325409432169983952683362231346047286762460640444416
4,2,4,5,785,791,788.1,1060044770925708790657673459370516765060983262889433270360997888000
0,4,0,1,784,791,787.8,1511212375805380990886396844167914622127612527165974647598791474890398125964198202572800
0,4,3,3,782,790,786.6,891620392871754370941454521628138489045223883602610820967606657056388554243360948224
2,1,3,5,781,791,786.0,359173215474447719898456441821441854158764015640686213365190819954923929600
3,1,4,6,782,791,786.5,123113189634225302208981276852594061918562464641455837239975688011776
4,4,1,0,784,794,787.7,67742407240814161958001712085749747734323462045749219657878296862791382859776
4,0,4,0,781,790,786.6,356928558877557441593230658182434327752412135283113930472292352000
1,5,3,1,784,792,788.4,3526765423263310944739365578608472986571843047634644989115568774751191040000
2,1,4,1,779,788,784.6,39443486945666639782522588356504245535526531929933098309029724160
4,3,0,1,783,792,788.6,15232909065873454496782756864467831723218459341623874263273161863012024320000
0,4,2,0,786,790,787.8,8053167756519566932477772826153667757166516608222750208150407865591398400
0,4,2,6,782,793,787.4,8003901318479682523008497039452492377946203800737152206877017135119545139200
1,2,4,2,784,792,787.4,293834165329009065399298388353800158882163519013512220570138391347200
2,3,0,1,784,793,788.1,4037764252392484171407484182567843066359961483019478999922406603414831104000
0,0,3,5,780,793,786.9,7932798233537606111639634040542590284792780141522920602638253717592672829440
3,4,0,5,785,793,787.1,1511212375805380990886396844167914622127612527165974647598791474890398125964198202572800
4,1,4,0,781,789,785.8,142451103049466194317913722938707443883751150914914572507723857920
0,2,3,2,784,794,789.3,1502327752736867368342516875750756734661847235529140745401455467680823276208128
0,3,4,6,784,793,788.2,137975557131383126634694165957433839842802402333375671541780866662400
3,5,1,0,780,789,784.9,160303632336230862251277704235148518123128209168562288072885010432
3,5,0,1,782,792,785.5,3620812501216999236599081994038032266213758862238235522158650608744556134400
1,3,0,2,782,793,788.9,3188076758097806954495982219121762883477664099973655902797649709534886966067200
4,4,4,0,783,790,787.0,67742407240814161958001712085749747734323462045749219657878296862791382859776
4,4,4,1,784,792,788.4,158409986430952506539408506111920252508730245306690259475939081988517249679360
2,5,4,4,784,790,786.9,18694260382522212583730923397040817871277511658150842505185198080
2,1,3,5,781,792,786.1,359173215474447719898456441821441854158764015640686213365190819954923929600
0,0,4,3,785,794,788.6,489802248412222700002106648692894210448466795331528613041274880
0,5,1,6,783,789,785.2,123113189634225302208981276852594061918562464641455837239975688011776
1,0,1,0,784,793,788.4,356928558877557441593230658182434327752412135283113930472292352000
3,1,4,3,785,791,788.4,536677854217298700588245761556081351682792719103491312336240640
0,3,2,5,782,793,790.2,78067529645287225324730233582755846258762981868368639232573440
4,2,0,2,785,792,787.9,2228106674757980712956528484696398813081433956840837772173740789624938361257984
2,5,4,1,782,790,787.0,39443486945666639782522588356504245535526531929933098309029724160
0,1,1,4,777,791,785.7,160303632336230862251277704235148518123128209168562288072885010432
0,5,3,5,782,788,785.6,3620812501216999236599081994038032266213758862238235522158650608744556134400
2,4,4,2,782,792,787.0,12957477730670955752295965340517071089264833398709562673655075054249150104207360
4,2,4,6,781,793,787.1,293834165329009065399298388353800158882163519013512220570138391347200
0,5,2,5,781,792,786.9,127183375744389503891239037088906988215432368957617382778470400
1,2,0,1,786,791,788.3,9641054216782351973180214325409432169983952683362231346047286762460640444416
3,0,3,4,782,790,786.4,2668304860371740237551513268182507641248480593057709657251048977735717224448
1,4,0,0,783,797,787.6,612901126956074652790951767827464516575256316862234638288689786052550084502126162083840
1,5,3,2,782,790,785.9,1214288352014425571460981867732357641416176872276287569540840346543049240739840
1,3,1,0,785,797,789.7,356928558877557441593230658182434327752412135283113930472292352000
2,4,1,5,786,790,787.9,46654726906437525177467162948389211273342551166094911489999419608473272320000
0,5,1,1,781,789,786.3,330322636329202988881420723878487855526446006771582896635035779072
3,2,4,4,787,796,789.9,273893095527570120111472137008048564004455145477667286924918784000
0,0,4,2,784,791,787.3,137975557131383126634694165957433839842802402333375671541780866662400
1,0,4,6,785,795,788.9,243663229527079213460978795985875167745646684353272443202418245632000
1,1,1,3,782,791,788.0,373915793809447069430809127174123034156360569405913039309373440
4,0,1,3,783,791,787.2,492683438108765186472707276038146529333457776480537604882694144
1,5,1,4,781,791,786.1,142451103049466194317913722938707443883751150914914572507723857920
1,4,3,3,784,791,788.3,776819483918309602150709304251124949683177890005708140156326829967583160993142800384
3,3,1,0,784,792,788.5,202112632516674501906290282164209726332230081543030768860030566400
3,0,3,5,782,791,786.8,7932798233537606111639634040542590284792780141522920602638253717592672829440
4,3,4,1,781,792,787.0,951809490340153177581948421819824874006432360754970481259446272000
0,3,1,5,782,792,787.6,501364669808804965969092172810442731986927334060231364614029312000
1,2,2,4,784,791,788.2,27011401669363430935875935413958887896878194507697092256858112
3,1,4,3,778,789,784.3,536677854217298700588245761556081351682792719103491312336240640
3,0,0,2,782,794,788.2,1821562784680441335501833057745925216425629418194063126016716102134249625223168
0,0,4,0,780,791,785.6,202112632516674501906290282164209726332230081543030768860030566400
0,4,0,6,784,792,787.1,401135325173388180180645734655606654361178167798435649910482636977516890072337673197977600
0,0,1,0,784,794,788.7,202112632516674501906290282164209726332230081543030768860030566400
1,1,0,6,780,788,785.4,1214288352014425571460981867732357641416176872276287569540840346543049240739840
2,1,3,1,777,791,784.5,359173215474447719898456441821441854158764015640686213365190819954923929600
3,4,3,3,783,793,787.7,891620392871754370941454521628138489045223883602610820967606657056388554243360948224
4,5,3,6,782,790,786.3,1214288352014425571460981867732357641416176872276287569540840346543049240739840
0,2,3,3,784,791,787.1,3047704020954711044738004387396563536770482014461363103984158310379028480
1,0,4,5,785,792,788.4,951809490340153177581948421819824874006432360754970481259446272000
3,0,0,3,781,794,787.9,6629882244599016735745333682139519496738152007813487422263075418046201856
4,5,0,2,777,788,784.2,1214288352014425571460981867732357641416176872276287569540840346543049240739840
1,4,4,5,787,794,789.7,158409986430952506539408506111920252508730245306690259475939081988517249679360
1,3,2,5,785,792,787.9,142553348209561327960036783804332620383888560641167547852390400
0,0,0,3,785,794,788.7,6629882244599016735745333682139519496738152007813487422263075418046201856
1,4,3,4,783,791,787.2,612901126956074652790951767827464516575256316862234638288689786052550084502126162083840
2,2,4,1,787,792,789.3,436943142497461269103171471963348967632672928631086302472699904000
1,2,4,0,784,793,789.6,430421140618665623143503498565136951487544217304949541850788659200
3,2,2,4,781,792,788.3,18304587255012206723834033575564951557051897506467160562597888
3,5,3,5,781,793,787.0,3620812501216999236599081994038032266213758862238235522158650608744556134400
3,5,4,0,778,790,785.4,160303632336230862251277704235148518123128209168562288072885010432
0,5,0,0,781,792,786.9,1640895855538256642096970086329531075442692621933838137010111165966434959360
2,5,2,5,783,794,789.1,7517752656688921912730518738375038594565700935066796949504000
2,4,2,1,787,792,788.9,2996203782833786535070241721826584287276166659328204975402130138900463616
4,0,3,1,783,790,786.8,15232909065873454496782756864467831723218459341623874263273161863012024320000
1,1,1,6,782,790,786.2,109402447141990037236157739216927316902720883902654391685931922882560
4,0,1,1,785,792,787.8,951809490340153177581948421819824874006432360754970481259446272000
0,2,4,4,783,793,789.0,273893095527570120111472137008048564004455145477667286924918784000
2,1,1,5,780,791,786.3,39443486945666639782522588356504245535526531929933098309029724160
0,0,2,0,786,792,789.0,30411380951373083298141180544924292348562892936782410208509952
2,4,2,6,784,793,787.8,1035760818871713523553973897788724029113651327545952674027568974773945892864
2,1,1,2,781,790,784.9,12761948421135163790493643705713198333458781291964308483539761889280
0,0,2,4,786,793,789.5,30411380951373083298141180544924292348562892936782410208509952
2,3,0,3,785,792,788.4,1270126897402800760516429414649011207934890534105572998015072872207220736
0,2,4,3,784,790,787.3,386484586637769474220412277484236837931993330691284296227880960
1,2,2,6,780,793,786.0,26123026681126589207318237982566462250491978332777276778188111872
0,2,0,6,785,793,788.5,1502327752736867368342516875750756734661847235529140745401455467680823276208128
3,0,3,1,782,792,787.4,7932798233537606111639634040542590284792780141522920602638253717592672829440
0,4,4,5,783,790,786.0,133648176957791193405401586419477231671444254580696233408789184079339087462400
4,0,0,2,782,796,787.1,3188076758097806954495982219121762883477664099973655902797649709534886966067200
1,1,1,1,780,791,786.1,295195171548956993831857875285171583680635964602865268104452112384
2,2,4,1,782,793,788.8,436943142497461269103171471963348967632672928631086302472699904000
3,4,1,1,785,791,788.2,133648176957791193405401586419477231671444254580696233408789184079339087462400
4,2,4,0,779,793,788.9,430421140618665623143503498565136951487544217304949541850788659200
2,0,0,3,781,792,787.3,1270126897402800760516429414649011207934890534105572998015072872207220736
4,1,1,3,783,789,787.0,373915793809447069430809127174123034156360569405913039309373440
4,3,2,2,778,792,787.1,45796510226542822450196971652785608676931645363497925319359201280
0,1,0,1,781,793,786.6,3620812501216999236599081994038032266213758862238235522158650608744556134400
4,5,2,3,783,789,786.3,265581711072320512097968452394721816126410634823625133260800
2,3,1,1,783,791,788.3,320452320693225439674580885844174578208441347795333425917853696000
3,5,3,4,780,789,785.0,1640895855538256642096970086329531075442692621933838137010111165966434959360
2,3,4,5,783,793,788.6,320452320693225439674580885844174578208441347795333425917853696000
0,1,2,2,783,789,785.5,58790967054701844220759997734476487579010592595460823183261696000
3,2,2,3,786,791,788.0,37052958543658666664170703650214691318610554499040846807040
0,1,0,2,777,793,785.0,1260208017053381101130473026301079865939987933645187689223765375462222048788480
1,5,1,6,780,793,786.3,109402447141990037236157739216927316902720883902654391685931922882560
2,1,2,0,782,789,786.1,3370327217351380886980976769130451513079507398152577706098688
0,2,2,5,784,794,788.8,53269072991871710022767768292860384927358817315452379088289792
2,4,3,3,782,792,787.5,158329586931625910290569445632464506370155099502394947285556761526644104857592528896
3,0,1,4,786,794,790.0,202112632516674501906290282164209726332230081543030768860030566400
4,0,3,0,783,792,786.3,4670034313619834405999973953791644848844234521445785013863744691701494579200
3,3,1,3,783,792,788.2,489802248412222700002106648692894210448466795331528613041274880
0,2,4,4,786,790,788.1,273893095527570120111472137008048564004455145477667286924918784000
2,2,1,2,783,794,788.4,100875149309975284143078848615519589709386717673713659030079264522240
4,3,4,1,784,793,787.7,951809490340153177581948421819824874006432360754970481259446272000
2,2,3,3,783,790,785.4,1033807852551370964759881876174311538373423201795814901420734734747566080
3,4,0,0,784,792,788.1,522311621319515859610215800332821164532784072654213085820940933564475117281689678643200
3,5,4,3,779,791,785.4,536677854217298700588245761556081351682792719103491312336240640
3,1,0,0,782,790,786.9,1640895855538256642096970086329531075442692621933838137010111165966434959360
2,2,3,1,783,792,788.1,3411036987700233438665279232977088226069496531254294686804605410497842380800
0,4,4,0,784,790,787.3,55222114835013723164747219910133690509642764085950253497435285568978451169280
2,0,0,3,784,793,787.9,1270126897402800760516429414649011207934890534105572998015072872207220736
2,4,4,4,785,790,786.9,18980680269537532840277292979273053353415283298890960947736926348997778472960
0,0,2,2,784,792,787.9,29411184422305701891891203940335671177987935569083788717207846912
3,3,3,5,785,791,788.0,7932798233537606111639634040542590284792780141522920602638253717592672829440
0,1,1,1,781,790,785.7,330322636329202988881420723878487855526446006771582896635035779072
2,2,4,2,782,792,787.6,100875149309975284143078848615519589709386717673713659030079264522240
3,0,3,4,783,790,786.8,2668304860371740237551513268182507641248480593057709657251048977735717224448
0,4,4,2,783,787,785.5,42410584193290539390525864890982674311405642818009794686030299316975450498007040
4,3,0,6,785,791,788.0,3188076758097806954495982219121762883477664099973655902797649709534886966067200
0,3,3,1,784,793,787.3,7932798233537606111639634040542590284792780141522920602638253717592672829440
2,5,3,4,783,794,787.9,158090262761837967000449193099930118434449140947183022093365453242813644800
4,4,1,6,784,791,786.6,52026168760945276383745314881855806259960418851135400697250531990623782036307968
0,5,2,1,782,789,785.4,127183375744389503891239037088906988215432368957617382778470400
1,1,1,2,783,792,786.0,109402447141990037236157739216927316902720883902654391685931922882560
1,5,3,4,782,790,785.7,1581104625018783296173153473609840678927313635776416106172969201227928698880
0,5,0,0,781,791,786.1,1640895855538256642096970086329531075442692621933838137010111165966434959360
4,3,1,0,785,789,787.2,356928558877557441593230658182434327752412135283113930472292352000
1,3,4,6,780,791,787.4,243663229527079213460978795985875167745646684353272443202418245632000
0,0,4,3,783,792,786.8,489802248412222700002106648692894210448466795331528613041274880
3,3,4,4,784,790,787.6,202112632516674501906290282164209726332230081543030768860030566400
0,0,4,3,784,794,788.4,489802248412222700002106648692894210448466795331528613041274880
2,1,2,1,781,792,786.9,7517752656688921912730518738375038594565700935066796949504000
0,3,4,3,782,794,787.9,489802248412222700002106648692894210448466795331528613041274880
1,1,2,2,782,791,784.1,61235412882207039295517483660346091905372665127724264500366409728
1,4,3,2,783,791,787.7,470708065502265333343450957691492748729796851350196202205713755688358464897632892480389120
0,5,3,0,778,790,786.3,1640895855538256642096970086329531075442692621933838137010111165966434959360
1,5,2,2,781,790,786.4,61235412882207039295517483660346091905372665127724264500366409728
4,0,1,0,782,794,787.6,356928558877557441593230658182434327752412135283113930472292352000
3,3,1,5,782,789,784.9,501364669808804965969092172810442731986927334060231364614029312000
4,1,3,2,782,792,785.9,1214288352014425571460981867732357641416176872276287569540840346543049240739840
2,4,3,1,782,792,787.0,401305960842504516039163813124241281195806408013406349006248840788482176764039261061120
1,0,3,5,776,791,787.1,15232909065873454496782756864467831723218459341623874263273161863012024320000
4,4,0,6,784,791,787.6,470708065502265333343450957691492748729796851350196202205713755688358464897632892480389120
4,2,3,0,783,795,788.9,3263828136852510809994914772504490448849756772716070955332628109802155802624
4,2,4,3,784,795,789.6,439831614612813950277627018173674304786904466028403910791659520
0,5,1,6,783,792,786.8,123113189634225302208981276852594061918562464641455837239975688011776
